0.900000 6.636119
0.910000 5.360169
0.920000 4.282632
0.930000 3.373272
0.940000 2.606573
0.950000 1.960975
0.960000 1.418239
0.970000 0.962916
0.980000 0.581905
0.990000 0.264083
1.000000 0.000000
1.010000 -0.218384
1.020000 -0.397913
1.030000 -0.544418
1.040000 -0.662870
1.050000 -0.757512
1.060000 -0.831965
1.070000 -0.889321
1.080000 -0.932223
1.090000 -0.962930
1.100000 -0.983372
1.110000 -0.995200
1.120000 -0.999824
1.130000 -0.998451
1.140000 -0.992110
1.150000 -0.981682
1.160000 -0.967918
1.170000 -0.951458
1.180000 -0.932848
1.190000 -0.912552
1.200000 -0.890965
1.210000 -0.868421
1.220000 -0.845202
1.230000 -0.821547
1.240000 -0.797656
1.250000 -0.773698
1.260000 -0.749812
1.270000 -0.726114
1.280000 -0.702700
1.290000 -0.679646
1.300000 -0.657017
1.310000 -0.634861
1.320000 -0.613218
1.330000 -0.592118
1.340000 -0.571581
1.350000 -0.551623
1.360000 -0.532253
1.370000 -0.513475
1.380000 -0.495291
1.390000 -0.477697
1.400000 -0.460687
1.410000 -0.444254
1.420000 -0.428388
1.430000 -0.413077
1.440000 -0.398310
1.450000 -0.384073
1.460000 -0.370352
1.470000 -0.357133
1.480000 -0.344401
1.490000 -0.332140
1.500000 -0.320337
1.510000 -0.308975
1.520000 -0.298040
1.530000 -0.287517
1.540000 -0.277391
1.550000 -0.267649
1.560000 -0.258276
1.570000 -0.249258
1.580000 -0.240583
1.590000 -0.232237
1.600000 -0.224208
1.610000 -0.216483
1.620000 -0.209051
1.630000 -0.201901
1.640000 -0.195021
1.650000 -0.188401
1.660000 -0.182030
1.670000 -0.175899
1.680000 -0.169998
1.690000 -0.164319
1.700000 -0.158851
1.710000 -0.153588
1.720000 -0.148520
1.730000 -0.143639
1.740000 -0.138940
1.750000 -0.134413
1.760000 -0.130053
1.770000 -0.125853
1.780000 -0.121805
1.790000 -0.117906
1.800000 -0.114147
1.810000 -0.110524
1.820000 -0.107032
1.830000 -0.103665
1.840000 -0.100419
1.850000 -0.097288
1.860000 -0.094268
1.870000 -0.091355
1.880000 -0.088545
1.890000 -0.085833
1.900000 -0.083216
1.910000 -0.080690
1.920000 -0.078252
1.930000 -0.075898
1.940000 -0.073625
1.950000 -0.071430
1.960000 -0.069310
1.970000 -0.067262
1.980000 -0.065283
1.990000 -0.063371
2.000000 -0.061523
2.010000 -0.059738
2.020000 -0.058011
2.030000 -0.056342
2.040000 -0.054728
2.050000 -0.053167
2.060000 -0.051658
2.070000 -0.050198
2.080000 -0.048785
2.090000 -0.047418
2.100000 -0.046095
2.110000 -0.044814
2.120000 -0.043575
2.130000 -0.042375
2.140000 -0.041213
2.150000 -0.040088
2.160000 -0.038998
2.170000 -0.037942
2.180000 -0.036920
2.190000 -0.035929
2.200000 -0.034968
2.210000 -0.034038
2.220000 -0.033136
2.230000 -0.032262
2.240000 -0.031414
2.250000 -0.030592
2.260000 -0.029795
2.270000 -0.029021
2.280000 -0.028271
2.290000 -0.027544
2.300000 -0.026838
2.310000 -0.026153
2.320000 -0.025488
2.330000 -0.024843
2.340000 -0.024216
2.350000 -0.023608
2.360000 -0.023018
2.370000 -0.022445
2.380000 -0.021888
2.390000 -0.021347
2.400000 -0.020822
2.410000 -0.020311
2.420000 -0.019815
2.430000 -0.019333
2.440000 -0.018865
2.450000 -0.018410
2.460000 -0.017967
2.470000 -0.017537
2.480000 -0.017119
2.490000 -0.016712
2.500000 -0.016317
2.510000 -0.015932
2.520000 -0.015558
2.530000 -0.015194
2.540000 -0.014840
2.550000 -0.014496
2.560000 -0.014160
2.570000 -0.013834
2.580000 -0.013517
2.590000 -0.013207
2.600000 -0.012907
2.610000 -0.012614
2.620000 -0.012328
2.630000 -0.012051
2.640000 -0.011780
2.650000 -0.011517
2.660000 -0.011260
2.670000 -0.011010
2.680000 -0.010767
2.690000 -0.010529
2.700000 -0.010298
2.710000 -0.010073
2.720000 -0.009853
2.730000 -0.009639
2.740000 -0.009430
2.750000 -0.009227
2.760000 -0.009029
2.770000 -0.008835
2.780000 -0.008647
2.790000 -0.008463
2.800000 -0.008283
2.810000 -0.008108
2.820000 -0.007938
2.830000 -0.007771
2.840000 -0.007609
2.850000 -0.007450
2.860000 -0.007296
2.870000 -0.007145
2.880000 -0.006998
2.890000 -0.006854
2.900000 -0.006713
2.910000 -0.006576
2.920000 -0.006443
2.930000 -0.006312
2.940000 -0.006184
2.950000 -0.006060
2.960000 -0.005938
2.970000 -0.005820
2.980000 -0.005704
2.990000 -0.005590
3.000000 -0.005479
3.010000 -0.005371
3.020000 -0.005266
3.030000 -0.005162
3.040000 -0.005061
3.050000 -0.004963
3.060000 -0.004866
3.070000 -0.004772
3.080000 -0.004680
3.090000 -0.004590
3.100000 -0.004502
3.110000 -0.004416
3.120000 -0.004332
3.130000 -0.004249
3.140000 -0.004169
3.150000 -0.004090
3.160000 -0.004013
3.170000 -0.003938
3.180000 -0.003864
3.190000 -0.003792
3.200000 -0.003722
3.210000 -0.003653
3.220000 -0.003585
3.230000 -0.003519
3.240000 -0.003455
3.250000 -0.003391
3.260000 -0.003330
3.270000 -0.003269
3.280000 -0.003210
3.290000 -0.003152
3.300000 -0.003095
3.310000 -0.003039
3.320000 -0.002985
3.330000 -0.002931
3.340000 -0.002879
3.350000 -0.002828
3.360000 -0.002778
3.370000 -0.002729
3.380000 -0.002681
3.390000 -0.002634
3.400000 -0.002588
3.410000 -0.002542
3.420000 -0.002498
3.430000 -0.002455
3.440000 -0.002412
3.450000 -0.002371
3.460000 -0.002330
3.470000 -0.002290
3.480000 -0.002251
3.490000 -0.002212
3.500000 -0.002175
3.510000 -0.002138
3.520000 -0.002102
3.530000 -0.002066
3.540000 -0.002032
3.550000 -0.001997
3.560000 -0.001964
3.570000 -0.001931
3.580000 -0.001899
3.590000 -0.001868
3.600000 -0.001837
3.610000 -0.001806
3.620000 -0.001777
3.630000 -0.001748
3.640000 -0.001719
3.650000 -0.001691
3.660000 -0.001663
3.670000 -0.001636
3.680000 -0.001610
3.690000 -0.001584
3.700000 -0.001558
3.710000 -0.001533
3.720000 -0.001509
3.730000 -0.001485
3.740000 -0.001461
3.750000 -0.001438
3.760000 -0.001415
3.770000 -0.001393
3.780000 -0.001371
3.790000 -0.001349
3.800000 -0.001328
3.810000 -0.001307
3.820000 -0.001287
3.830000 -0.001267
3.840000 -0.001247
3.850000 -0.001228
3.860000 -0.001209
3.870000 -0.001190
3.880000 -0.001172
3.890000 -0.001154
3.900000 -0.001136
3.910000 -0.001119
3.920000 -0.001102
3.930000 -0.001085
3.940000 -0.001069
3.950000 -0.001053
3.960000 -0.001037
3.970000 -0.001021
3.980000 -0.001006
3.990000 -0.000991
4.000000 -0.000976
