0.900000 -138.659624
0.910000 -117.126674
0.920000 -98.883003
0.930000 -83.413022
0.940000 -70.285155
0.950000 -59.137553
0.960000 -49.666347
0.970000 -41.615965
0.980000 -34.771137
0.990000 -28.950277
1.000000 -24.000000
1.010000 -19.790571
1.020000 -16.212117
1.030000 -13.171468
1.040000 -10.589529
1.050000 -8.399073
1.060000 -6.542902
1.070000 -4.972300
1.080000 -3.645731
1.090000 -2.527753
1.100000 -1.588095
1.110000 -0.800882
1.120000 -0.143980
1.130000 0.401559
1.140000 0.851965
1.150000 1.221147
1.160000 1.521032
1.170000 1.761853
1.180000 1.952390
1.190000 2.100179
1.200000 2.211693
1.210000 2.292488
1.220000 2.347336
1.230000 2.380332
1.240000 2.394993
1.250000 2.394337
1.260000 2.380952
1.270000 2.357057
1.280000 2.324552
1.290000 2.285063
1.300000 2.239980
1.310000 2.190489
1.320000 2.137601
1.330000 2.082175
1.340000 2.024939
1.350000 1.966512
1.360000 1.907412
1.370000 1.848075
1.380000 1.788867
1.390000 1.730091
1.400000 1.671997
1.410000 1.614789
1.420000 1.558632
1.430000 1.503659
1.440000 1.449974
1.450000 1.397654
1.460000 1.346760
1.470000 1.297330
1.480000 1.249391
1.490000 1.202957
1.500000 1.158029
1.510000 1.114601
1.520000 1.072661
1.530000 1.032188
1.540000 0.993157
1.550000 0.955540
1.560000 0.919306
1.570000 0.884421
1.580000 0.850848
1.590000 0.818550
1.600000 0.787488
1.610000 0.757625
1.620000 0.728921
1.630000 0.701336
1.640000 0.674833
1.650000 0.649373
1.660000 0.624918
1.670000 0.601431
1.680000 0.578876
1.690000 0.557217
1.700000 0.536420
1.710000 0.516451
1.720000 0.497278
1.730000 0.478869
1.740000 0.461194
1.750000 0.444222
1.760000 0.427926
1.770000 0.412279
1.780000 0.397252
1.790000 0.382823
1.800000 0.368964
1.810000 0.355654
1.820000 0.342870
1.830000 0.330589
1.840000 0.318791
1.850000 0.307457
1.860000 0.296565
1.870000 0.286099
1.880000 0.276041
1.890000 0.266374
1.900000 0.257081
1.910000 0.248147
1.920000 0.239557
1.930000 0.231297
1.940000 0.223353
1.950000 0.215713
1.960000 0.208363
1.970000 0.201292
1.980000 0.194489
1.990000 0.187942
2.000000 0.181641
2.010000 0.175575
2.020000 0.169736
2.030000 0.164114
2.040000 0.158701
2.050000 0.153487
2.060000 0.148465
2.070000 0.143627
2.080000 0.138966
2.090000 0.134474
2.100000 0.130145
2.110000 0.125973
2.120000 0.121951
2.130000 0.118073
2.140000 0.114334
2.150000 0.110728
2.160000 0.107250
2.170000 0.103895
2.180000 0.100658
2.190000 0.097534
2.200000 0.094520
2.210000 0.091611
2.220000 0.088802
2.230000 0.086091
2.240000 0.083473
2.250000 0.080944
2.260000 0.078503
2.270000 0.076144
2.280000 0.073865
2.290000 0.071663
2.300000 0.069536
2.310000 0.067480
2.320000 0.065492
2.330000 0.063571
2.340000 0.061713
2.350000 0.059917
2.360000 0.058180
2.370000 0.056499
2.380000 0.054874
2.390000 0.053302
2.400000 0.051780
2.410000 0.050308
2.420000 0.048883
2.430000 0.047504
2.440000 0.046169
2.450000 0.044876
2.460000 0.043624
2.470000 0.042412
2.480000 0.041238
2.490000 0.040101
2.500000 0.038999
2.510000 0.037932
2.520000 0.036898
2.530000 0.035896
2.540000 0.034924
2.550000 0.033983
2.560000 0.033070
2.570000 0.032185
2.580000 0.031327
2.590000 0.030495
2.600000 0.029688
2.610000 0.028905
2.620000 0.028145
2.630000 0.027409
2.640000 0.026694
2.650000 0.026000
2.660000 0.025327
2.670000 0.024673
2.680000 0.024039
2.690000 0.023423
2.700000 0.022825
2.710000 0.022245
2.720000 0.021681
2.730000 0.021133
2.740000 0.020602
2.750000 0.020085
2.760000 0.019583
2.770000 0.019095
2.780000 0.018621
2.790000 0.018161
2.800000 0.017713
2.810000 0.017278
2.820000 0.016855
2.830000 0.016444
2.840000 0.016044
2.850000 0.015656
2.860000 0.015278
2.870000 0.014910
2.880000 0.014553
2.890000 0.014205
2.900000 0.013866
2.910000 0.013537
2.920000 0.013217
2.930000 0.012905
2.940000 0.012602
2.950000 0.012307
2.960000 0.012019
2.970000 0.011739
2.980000 0.011467
2.990000 0.011202
3.000000 0.010944
3.010000 0.010692
3.020000 0.010448
3.030000 0.010209
3.040000 0.009977
3.050000 0.009751
3.060000 0.009530
3.070000 0.009315
3.080000 0.009106
3.090000 0.008902
3.100000 0.008704
3.110000 0.008510
3.120000 0.008321
3.130000 0.008137
3.140000 0.007958
3.150000 0.007783
3.160000 0.007613
3.170000 0.007446
3.180000 0.007284
3.190000 0.007126
3.200000 0.006972
3.210000 0.006822
3.220000 0.006675
3.230000 0.006532
3.240000 0.006392
3.250000 0.006256
3.260000 0.006123
3.270000 0.005993
3.280000 0.005867
3.290000 0.005743
3.300000 0.005623
3.310000 0.005505
3.320000 0.005390
3.330000 0.005278
3.340000 0.005168
3.350000 0.005062
3.360000 0.004957
3.370000 0.004855
3.380000 0.004756
3.390000 0.004658
3.400000 0.004563
3.410000 0.004471
3.420000 0.004380
3.430000 0.004292
3.440000 0.004205
3.450000 0.004121
3.460000 0.004038
3.470000 0.003957
3.480000 0.003879
3.490000 0.003801
3.500000 0.003726
3.510000 0.003653
3.520000 0.003581
3.530000 0.003510
3.540000 0.003441
3.550000 0.003374
3.560000 0.003309
3.570000 0.003244
3.580000 0.003181
3.590000 0.003120
3.600000 0.003060
3.610000 0.003001
3.620000 0.002944
3.630000 0.002887
3.640000 0.002832
3.650000 0.002778
3.660000 0.002726
3.670000 0.002674
3.680000 0.002624
3.690000 0.002574
3.700000 0.002526
3.710000 0.002479
3.720000 0.002433
3.730000 0.002387
3.740000 0.002343
3.750000 0.002300
3.760000 0.002257
3.770000 0.002216
3.780000 0.002175
3.790000 0.002135
3.800000 0.002096
3.810000 0.002058
3.820000 0.002021
3.830000 0.001984
3.840000 0.001948
3.850000 0.001913
3.860000 0.001879
3.870000 0.001845
3.880000 0.001812
3.890000 0.001780
3.900000 0.001748
3.910000 0.001717
3.920000 0.001686
3.930000 0.001657
3.940000 0.001627
3.950000 0.001599
3.960000 0.001571
3.970000 0.001543
3.980000 0.001516
3.990000 0.001490
4.000000 0.001464
